0, 302, 467, 175, 168, 224, 366, 192, 264, 424
302, 0, 217, 346, 172, 298, 96, 76, 498, 227
467, 217, 0, 407, 411, 143, 257, 136, 312, 205
175, 346, 407, 0, 398, 171, 32, 492, 17, 428
168, 172, 411, 398, 0, 24, 238, 443, 281, 87
224, 298, 143, 171, 24, 0, 482, 312, 434, 88
366, 96, 257, 32, 238, 482, 0, 132, 297, 75
192, 76, 136, 492, 443, 312, 132, 0, 75, 222
264, 498, 312, 17, 281, 434, 297, 75, 0, 453
424, 227, 205, 428, 87, 88, 75, 222, 453, 0